3  5  3    2    0.19        0.725005    913  1  
0  5  12   10   0.159178    0.832178    688  1  
1  3  0    0    0.208416    0.66725     -16  -1 
0  3  17   11   0.230032    0.604065    -454 -1 
4  3  14   3    0.215718    0.645398    -10  1  
3  3  6    6    0.255826    0.533889    307  1  
1  4  12   1    0.258311    0.527382    -294 -1 
3  4  3    13   0.238872    0.579436    477  1  
2  5  1    0    0.234911    0.590394    825  1  
2  4  13   8    0.262748    0.515867    748  1  
1  5  5    4    0.258623    0.52657     108  1  
0  5  1    1    0.264594    0.511112    -1085-1 
3  6  2    8    0.286489    0.456248    1343 1  
0  3  3    12   0.257339    0.529923    -527 -1 
1  8  1    5    0.263884    0.512939    1604 -1 
0  4  5    11   0.213141    0.653047    408  1  
1  5  5    9    0.25054     0.547867    50   1  
1  4  12   13   0.274165    0.486796    862  1  
1  5  7    0    0.265866    0.507849    -213 -1 
1  5  10   1    0.259273    0.524875    -983 -1 
